camera_matrix:
  cols: 3
  data: [290.94151410605076, 0.0, 286.5039344512315, 0.0, 297.2399997853595, 193.05809165251975,
    0.0, 0.0, 1.0]
  rows: 3
camera_name: shamrock/camera_node
distortion_coefficients:
  cols: 5
  data: [-0.2612388157663992, 0.04739310953387896, 0.006991212954311324, 0.007481818746143102,
    0.0]
  rows: 1
distortion_model: plumb_bob
image_height: 480
image_width: 640
projection_matrix:
  cols: 4
  data: [199.68255615234375, 0.0, 299.17436747469037, 0.0, 0.0, 226.38104248046875,
    174.09963655728643, 0.0, 0.0, 0.0, 1.0, 0.0]
  rows: 3
rectification_matrix:
  cols: 3
  data: [1.0, 0.0, 0.0, 0.0, 1.0, 0.0, 0.0, 0.0, 1.0]
  rows: 3
